1.9650e-01
1.9934e-01
2.0415e-01
2.1128e-01
2.1909e-01
2.6123e-01
2.8461e-01
2.9845e-01
3.5524e-01
3.7477e-01
3.9269e-01
4.4086e-01
4.6977e-01
5.3385e-01
5.6718e-01
6.1562e-01
6.4234e-01
6.6279e-01
6.7464e-01
6.9177e-01
7.1759e-01
7.2572e-01
7.3417e-01
7.4389e-01
7.6662e-01
7.7951e-01
7.8766e-01
7.9251e-01
7.9511e-01
7.9647e-01
8.5918e-01
8.5956e-01
8.5997e-01
8.6013e-01
8.6110e-01
8.6407e-01
8.7917e-01
8.7924e-01
8.7960e-01
8.7974e-01
8.8034e-01
8.8041e-01
8.8396e-01
8.8503e-01
8.8506e-01
8.8557e-01
8.8563e-01
8.8566e-01
8.8594e-01
8.8595e-01
8.9507e-01
8.9559e-01
8.9562e-01
8.9576e-01
8.9582e-01
8.9749e-01
8.9769e-01
8.9772e-01
8.9772e-01
8.9772e-01
9.0048e-01
9.0048e-01
9.0049e-01
9.0060e-01
9.0060e-01
9.0060e-01
9.0340e-01
9.0341e-01
9.0343e-01
9.0345e-01
9.0423e-01
9.0423e-01
9.0425e-01
9.0454e-01
9.0468e-01
9.1854e-01
9.1854e-01
9.1855e-01
9.1860e-01
9.1881e-01
9.2050e-01
9.2050e-01
9.2050e-01
9.2434e-01
9.2437e-01
9.2442e-01
9.2443e-01
9.2477e-01
9.2477e-01
9.2477e-01
9.2579e-01
9.2579e-01
9.2579e-01
9.2580e-01
9.2581e-01
9.2587e-01
9.2869e-01
9.2870e-01
9.2887e-01
9.2890e-01
9.2897e-01
9.2958e-01
9.2959e-01
9.3111e-01
9.3118e-01
9.3146e-01
9.3165e-01
9.3172e-01
9.3176e-01
9.3242e-01
9.3808e-01
9.3877e-01
9.3912e-01
9.3967e-01
9.4138e-01
9.4245e-01
9.4278e-01
9.4280e-01
9.4283e-01
9.4285e-01
9.5107e-01
9.5107e-01
9.5122e-01
9.5130e-01
9.5198e-01
9.5307e-01
9.5499e-01
9.5504e-01
9.5541e-01
9.5549e-01
9.5581e-01
9.5581e-01
9.5667e-01
9.5721e-01
9.5722e-01
9.5738e-01
9.5739e-01
9.5743e-01
9.5774e-01
9.5775e-01
9.6146e-01
9.6189e-01
9.6196e-01
9.6200e-01
9.6206e-01
9.6265e-01
9.6283e-01
9.6294e-01
9.6299e-01
9.6299e-01
9.6347e-01
9.6347e-01
9.6355e-01
9.6375e-01
9.6375e-01
9.6387e-01
9.6599e-01
9.6607e-01
9.6618e-01
9.6624e-01
9.6710e-01
9.6715e-01
9.6718e-01
9.6825e-01
9.6891e-01
9.7710e-01
9.7733e-01
9.7747e-01
9.7749e-01
9.7853e-01
9.8285e-01
9.8300e-01
9.8312e-01
9.8739e-01
9.8900e-01
9.9047e-01
9.9093e-01
9.9749e-01
9.9869e-01
1.0000e+00
1.0000e+00
1.0000e+00
1.0000e+00
1.0000e+00
1.0000e+00
1.0000e+00
1.0000e+00
1.0000e+00
1.0000e+00
1.0000e+00
1.0000e+00
1.0000e+00
1.0000e+00
1.0000e+00
1.0000e+00
1.0000e+00
1.0000e+00
1.0000e+00
1.0000e+00
1.0000e+00
1.0000e+00
1.0000e+00
1.0000e+00
1.0000e+00
1.0000e+00
1.0000e+00
1.0000e+00
1.0000e+00
1.0000e+00
1.0000e+00
1.0000e+00
1.0000e+00
1.0000e+00
1.0000e+00
1.0000e+00
1.0000e+00
1.0000e+00
1.0000e+00
1.0000e+00
1.0000e+00
1.0000e+00
1.0000e+00
1.0000e+00
1.0000e+00
1.0000e+00
1.0000e+00
1.0000e+00
1.0000e+00
1.0000e+00
1.0000e+00
1.0000e+00
1.0000e+00
1.0000e+00
1.0000e+00
1.0000e+00
1.0000e+00
1.0000e+00
1.0000e+00
1.0000e+00
1.0000e+00
1.0000e+00
1.0000e+00
1.0000e+00
1.0000e+00
1.0000e+00
1.0000e+00
1.0000e+00
1.0000e+00
1.0000e+00
1.0000e+00
1.0000e+00
1.0000e+00
1.0000e+00
1.0000e+00
1.0000e+00
1.0000e+00
