4.9449e-01
4.9449e-01
4.9449e-01
4.9449e-01
4.9449e-01
4.9449e-01
4.9538e-01
4.9538e-01
4.9538e-01
4.9538e-01
4.9538e-01
4.9539e-01
4.9539e-01
4.9542e-01
4.9542e-01
4.9542e-01
4.9542e-01
4.9542e-01
4.9542e-01
4.9542e-01
8.5320e-01
8.5320e-01
8.5320e-01
8.5320e-01
8.5581e-01
8.5581e-01
8.5581e-01
8.5581e-01
8.5581e-01
8.5581e-01
9.3198e-01
9.3198e-01
9.3198e-01
9.3198e-01
9.3198e-01
9.3198e-01
9.3521e-01
9.3521e-01
9.3521e-01
9.3521e-01
9.3521e-01
9.3521e-01
9.3523e-01
9.3523e-01
9.3523e-01
9.3523e-01
9.3523e-01
9.3523e-01
9.3523e-01
9.3523e-01
9.4040e-01
9.4040e-01
9.4040e-01
9.4040e-01
9.4040e-01
9.4040e-01
9.4040e-01
9.4040e-01
9.4040e-01
9.4040e-01
9.4043e-01
9.4043e-01
9.4043e-01
9.4043e-01
9.4043e-01
9.4043e-01
9.4140e-01
9.4140e-01
9.4140e-01
9.4140e-01
9.4152e-01
9.4152e-01
9.4152e-01
9.4154e-01
9.4156e-01
9.4803e-01
9.4803e-01
9.4803e-01
9.4803e-01
9.4803e-01
9.4821e-01
9.4821e-01
9.4821e-01
9.4972e-01
9.4972e-01
9.4972e-01
9.4972e-01
9.4972e-01
9.4972e-01
9.4972e-01
9.4972e-01
9.4972e-01
9.4972e-01
9.4972e-01
9.4972e-01
9.4972e-01
9.5040e-01
9.5040e-01
9.5040e-01
9.5040e-01
9.5040e-01
9.5040e-01
9.5040e-01
9.5040e-01
9.5040e-01
9.5040e-01
9.5040e-01
9.5040e-01
9.5040e-01
9.5040e-01
9.5204e-01
9.5204e-01
9.5204e-01
9.5204e-01
9.5220e-01
9.5220e-01
9.5220e-01
9.5220e-01
9.5220e-01
9.5220e-01
9.5487e-01
9.5487e-01
9.5487e-01
9.5487e-01
9.5487e-01
9.5489e-01
9.5502e-01
9.5502e-01
9.5502e-01
9.5502e-01
9.5502e-01
9.5502e-01
9.5556e-01
9.5559e-01
9.5559e-01
9.5559e-01
9.5559e-01
9.5559e-01
9.5559e-01
9.5559e-01
9.5791e-01
9.5838e-01
9.5838e-01
9.5838e-01
9.5838e-01
9.5921e-01
9.5951e-01
9.5951e-01
9.5952e-01
9.5952e-01
9.6040e-01
9.6040e-01
9.6044e-01
9.6085e-01
9.6085e-01
9.6114e-01
9.6670e-01
9.6731e-01
9.6881e-01
9.7205e-01
9.7441e-01
9.7542e-01
9.7674e-01
9.7869e-01
9.8304e-01
9.9244e-01
9.9381e-01
9.9400e-01
9.9400e-01
9.9450e-01
9.9734e-01
9.9734e-01
9.9734e-01
9.9980e-01
9.9980e-01
9.9983e-01
9.9983e-01
1.0000e+00
1.0000e+00
1.0000e+00
1.0000e+00
1.0000e+00
1.0000e+00
1.0000e+00
1.0000e+00
1.0000e+00
1.0000e+00
1.0000e+00
1.0000e+00
1.0000e+00
1.0000e+00
1.0000e+00
1.0000e+00
1.0000e+00
1.0000e+00
1.0000e+00
1.0000e+00
1.0000e+00
1.0000e+00
1.0000e+00
1.0000e+00
1.0000e+00
1.0000e+00
1.0000e+00
1.0000e+00
1.0000e+00
1.0000e+00
1.0000e+00
1.0000e+00
1.0000e+00
1.0000e+00
1.0000e+00
1.0000e+00
1.0000e+00
1.0000e+00
1.0000e+00
1.0000e+00
1.0000e+00
1.0000e+00
1.0000e+00
1.0000e+00
1.0000e+00
1.0000e+00
1.0000e+00
1.0000e+00
1.0000e+00
1.0000e+00
1.0000e+00
1.0000e+00
1.0000e+00
1.0000e+00
1.0000e+00
1.0000e+00
1.0000e+00
1.0000e+00
1.0000e+00
1.0000e+00
1.0000e+00
1.0000e+00
1.0000e+00
1.0000e+00
1.0000e+00
1.0000e+00
1.0000e+00
1.0000e+00
1.0000e+00
1.0000e+00
1.0000e+00
1.0000e+00
1.0000e+00
1.0000e+00
1.0000e+00
1.0000e+00
1.0000e+00
1.0000e+00
1.0000e+00
